4010
3060
2910
2780
2040
2000
1750
1620
1520
1510
1510
1460
1430
1360
1320
1300
1270
1250
1160
1090
1020
990
910
900
860
810
810
780
770
770
760
740
720
680
680
680
660
660
640
640
640
630
630
620
610
600
600
600
570
550
550
540
540
540
510
510
490
480
480
470
460
460
460
450
440
440
430
430
420
400
360
360
350
350
350
350
340
330
320
320
310
310
310
300
300
300
300
290
280
270
270
270
270
260
250
250
250
250
250
250
250
250
240
240
230
230
230
230
230
230
220
220
220
220
210
210
210
200
200
190
190
190
190
180
180
180
180
180
180
180
170
160
150
150
140
140
120
50
